0	file:/Users/samantha/Desktop/Digital_Humanity/Mallet/mallet-2.0.8/All/.DS_Store	0.07142857142857142	0.07142857142857142	0.21428571428571427	0.21428571428571427	0.07142857142857142	0.07142857142857142	0.07142857142857142	0.07142857142857142	0.07142857142857142	0.07142857142857142
1	file:/Users/samantha/Desktop/Digital_Humanity/Mallet/mallet-2.0.8/All/BereishitRabbah39.txt	0.011627906976744186	0.10465116279069768	0.19767441860465115	0.03488372093023256	0.011627906976744186	0.43023255813953487	0.08139534883720931	0.05813953488372093	0.011627906976744186	0.05813953488372093
2	file:/Users/samantha/Desktop/Digital_Humanity/Mallet/mallet-2.0.8/All/BereishitRabbah390.txt	0.011627906976744186	0.10465116279069768	0.19767441860465115	0.03488372093023256	0.011627906976744186	0.43023255813953487	0.08139534883720931	0.05813953488372093	0.011627906976744186	0.05813953488372093
3	file:/Users/samantha/Desktop/Digital_Humanity/Mallet/mallet-2.0.8/All/BereishitRabbah45.txt	0.19728915662650603	0.0015060240963855422	0.058734939759036146	0.06475903614457831	0.04066265060240964	0.07379518072289157	0.28463855421686746	0.17319277108433734	0.0286144578313253	0.07680722891566265
4	file:/Users/samantha/Desktop/Digital_Humanity/Mallet/mallet-2.0.8/All/BereishitRabbah451.txt	0.2033132530120482	0.004518072289156626	0.05572289156626506	0.0677710843373494	0.043674698795180725	0.08885542168674698	0.2876506024096386	0.15813253012048192	0.0286144578313253	0.061746987951807226
5	file:/Users/samantha/Desktop/Digital_Humanity/Mallet/mallet-2.0.8/All/BereishitRabbah47:1.txt	0.005952380952380952	0.041666666666666664	0.07738095238095238	0.017857142857142856	0.19642857142857142	0.005952380952380952	0.22023809523809523	0.06547619047619048	0.30357142857142855	0.06547619047619048
6	file:/Users/samantha/Desktop/Digital_Humanity/Mallet/mallet-2.0.8/All/BereishitRabbah47:12.txt	0.041666666666666664	0.017857142857142856	0.1130952380952381	0.017857142857142856	0.23214285714285715	0.005952380952380952	0.22023809523809523	0.06547619047619048	0.26785714285714285	0.017857142857142856
7	file:/Users/samantha/Desktop/Digital_Humanity/Mallet/mallet-2.0.8/All/BereishitRabbah53.txt	0.0021929824561403508	0.006578947368421052	0.05921052631578947	0.05921052631578947	0.07236842105263158	0.14692982456140352	0.08552631578947369	0.2565789473684211	0.015350877192982455	0.29605263157894735
8	file:/Users/samantha/Desktop/Digital_Humanity/Mallet/mallet-2.0.8/All/BereishitRabbah533.txt	0.0021929824561403508	0.010964912280701754	0.046052631578947366	0.06798245614035088	0.08114035087719298	0.13815789473684212	0.09868421052631579	0.25219298245614036	0.015350877192982455	0.28728070175438597
9	file:/Users/samantha/Desktop/Digital_Humanity/Mallet/mallet-2.0.8/All/BereishitRabbah55:71.txt	0.025821596244131457	0.011737089201877934	0.07276995305164319	0.002347417840375587	0.36384976525821594	0.07276995305164319	0.1807511737089202	0.11032863849765258	0.08215962441314555	0.07746478873239436
10	file:/Users/samantha/Desktop/Digital_Humanity/Mallet/mallet-2.0.8/All/BereishitRabbah56:44.txt	0.06435643564356436	0.09405940594059406	0.0049504950495049506	0.0049504950495049506	0.22277227722772278	0.01485148514851485	0.07425742574257425	0.20297029702970298	0.21287128712871287	0.10396039603960396
11	file:/Users/samantha/Desktop/Digital_Humanity/Mallet/mallet-2.0.8/All/BereishitRabbah56:76.txt	0.14788732394366197	0.19014084507042253	0.06338028169014084	0.007042253521126761	0.04929577464788732	0.2887323943661972	0.14788732394366197	0.09154929577464789	0.007042253521126761	0.007042253521126761
12	file:/Users/samantha/Desktop/Digital_Humanity/Mallet/mallet-2.0.8/All/BereishitRabbah56:85.txt	0.1099290780141844	0.13120567375886524	0.07446808510638298	0.01773049645390071	0.2730496453900709	0.0673758865248227	0.1099290780141844	0.07446808510638298	0.06028368794326241	0.08156028368794327
13	file:/Users/samantha/Desktop/Digital_Humanity/Mallet/mallet-2.0.8/All/BereishitRabbah58.txt	0.002631578947368421	0.13421052631578947	0.018421052631578946	0.15526315789473685	0.07631578947368421	0.002631578947368421	0.5657894736842105	0.002631578947368421	0.002631578947368421	0.039473684210526314
14	file:/Users/samantha/Desktop/Digital_Humanity/Mallet/mallet-2.0.8/All/BereishitRabbah584.txt	0.002631578947368421	0.1394736842105263	0.007894736842105263	0.16052631578947368	0.07631578947368421	0.002631578947368421	0.5710526315789474	0.007894736842105263	0.002631578947368421	0.02894736842105263
15	file:/Users/samantha/Desktop/Digital_Humanity/Mallet/mallet-2.0.8/All/BereishitRabbah60.txt	0.0049504950495049506	0.06435643564356436	0.3811881188118812	0.2722772277227723	0.04455445544554455	0.0049504950495049506	0.01485148514851485	0.0049504950495049506	0.01485148514851485	0.19306930693069307
16	file:/Users/samantha/Desktop/Digital_Humanity/Mallet/mallet-2.0.8/All/BereishitRabbah605.txt	0.0049504950495049506	0.06435643564356436	0.400990099009901	0.30198019801980197	0.01485148514851485	0.0049504950495049506	0.01485148514851485	0.0049504950495049506	0.0049504950495049506	0.18316831683168316
17	file:/Users/samantha/Desktop/Digital_Humanity/Mallet/mallet-2.0.8/All/EinYaakovRoshHashanah1:10.txt	0.0981012658227848	0.04746835443037975	0.20569620253164558	0.04113924050632911	0.3512658227848101	0.16139240506329114	0.03481012658227848	0.0031645569620253164	0.04746835443037975	0.00949367088607595
18	file:/Users/samantha/Desktop/Digital_Humanity/Mallet/mallet-2.0.8/All/EinYaakovRoshHashanah1:106.txt	0.0981012658227848	0.03481012658227848	0.22468354430379747	0.03481012658227848	0.3639240506329114	0.1360759493670886	0.05379746835443038	0.0031645569620253164	0.028481012658227847	0.022151898734177215
19	file:/Users/samantha/Desktop/Digital_Humanity/Mallet/mallet-2.0.8/All/MidrashEinYaakovBavaBatra5:233.txt	0.04017857142857143	0.004464285714285714	0.022321428571428572	0.04017857142857143	0.16517857142857142	0.09375	0.19196428571428573	0.24553571428571427	0.17410714285714285	0.022321428571428572
20	file:/Users/samantha/Desktop/Digital_Humanity/Mallet/mallet-2.0.8/All/MidrashEinYaakovBerakhot6:21.txt	0.0037313432835820895	0.11567164179104478	0.22761194029850745	0.048507462686567165	0.018656716417910446	0.10074626865671642	0.13059701492537312	0.20522388059701493	0.0037313432835820895	0.1455223880597015
21	file:/Users/samantha/Desktop/Digital_Humanity/Mallet/mallet-2.0.8/All/MidrashEinYaakovMenachot4:36.txt	0.08333333333333333	0.05	0.016666666666666666	0.05	0.05	0.18333333333333332	0.016666666666666666	0.016666666666666666	0.4166666666666667	0.11666666666666667
22	file:/Users/samantha/Desktop/Digital_Humanity/Mallet/mallet-2.0.8/All/MidrashEinYaakovMoedKatan1:44.txt	0.009433962264150943	0.12264150943396226	0.29245283018867924	0.3113207547169811	0.009433962264150943	0.04716981132075472	0.14150943396226415	0.009433962264150943	0.02830188679245283	0.02830188679245283
23	file:/Users/samantha/Desktop/Digital_Humanity/Mallet/mallet-2.0.8/All/MidrashEinYaakovRoshHashanah4:10.txt	0.03237410071942446	0.4784172661870504	0.16906474820143885	0.0539568345323741	0.03237410071942446	0.13309352517985612	0.03237410071942446	0.03237410071942446	0.0035971223021582736	0.03237410071942446
24	file:/Users/samantha/Desktop/Digital_Humanity/Mallet/mallet-2.0.8/All/MidrashEinYaakovSanhedrin11:1057.txt	0.197265625	0.005859375	0.064453125	0.052734375	0.052734375	0.154296875	0.033203125	0.267578125	0.111328125	0.060546875
25	file:/Users/samantha/Desktop/Digital_Humanity/Mallet/mallet-2.0.8/All/MidrashEinYaakovShabat2:105.txt	0.3104448742746615	0.043520309477756286	0.06479690522243714	0.12088974854932302	0.014506769825918761	0.17891682785299806	0.020309477756286266	0.1576402321083172	0.031914893617021274	0.05705996131528046
26	file:/Users/samantha/Desktop/Digital_Humanity/Mallet/mallet-2.0.8/All/MidrashEinYaakovShabbat16:122.txt	0.04120879120879121	0.06868131868131869	0.11263736263736264	0.18406593406593408	0.07417582417582418	0.11813186813186813	0.0027472527472527475	0.18406593406593408	0.07417582417582418	0.1401098901098901
27	file:/Users/samantha/Desktop/Digital_Humanity/Mallet/mallet-2.0.8/All/MidrashTanchumaAchreiMot1:1.txt	0.05379746835443038	0.08333333333333333	0.011603375527426161	0.2689873417721519	0.04113924050632911	0.16350210970464135	0.0580168776371308	0.0010548523206751054	0.27742616033755274	0.04113924050632911
28	file:/Users/samantha/Desktop/Digital_Humanity/Mallet/mallet-2.0.8/All/MidrashTanchumaAchreiMot1:17.txt	0.049578059071729956	0.08544303797468354	0.005274261603375527	0.27531645569620256	0.043248945147679324	0.1719409282700422	0.05379746835443038	0.0010548523206751054	0.27742616033755274	0.03691983122362869
29	file:/Users/samantha/Desktop/Digital_Humanity/Mallet/mallet-2.0.8/All/MidrashTanchumaBeshalach11:29.txt	0.06818181818181818	0.12878787878787878	0.06818181818181818	0.06818181818181818	0.3560606060606061	0.06818181818181818	0.17424242424242425	0.03787878787878788	0.022727272727272728	0.007575757575757576
30	file:/Users/samantha/Desktop/Digital_Humanity/Mallet/mallet-2.0.8/All/MidrashTanchumaBuberVayera46:93.txt	0.011363636363636364	0.07954545454545454	0.03409090909090909	0.011363636363636364	0.10227272727272728	0.011363636363636364	0.011363636363636364	0.125	0.32954545454545453	0.2840909090909091
31	file:/Users/samantha/Desktop/Digital_Humanity/Mallet/mallet-2.0.8/All/MidrashTanchumaKiTisa14:310.txt	0.03571428571428571	0.10714285714285714	0.2785714285714286	0.007142857142857143	0.12142857142857143	0.10714285714285714	0.07857142857142857	0.12142857142857143	0.05	0.09285714285714286
32	file:/Users/samantha/Desktop/Digital_Humanity/Mallet/mallet-2.0.8/All/MidrashTanchumaMasei10:18.txt	0.057291666666666664	0.09895833333333333	0.078125	0.036458333333333336	0.3802083333333333	0.036458333333333336	0.036458333333333336	0.015625	0.046875	0.21354166666666666
33	file:/Users/samantha/Desktop/Digital_Humanity/Mallet/mallet-2.0.8/All/MidrashTanchumaShmini,Siman2:12.txt	0.08012820512820513	0.12286324786324786	0.06944444444444445	0.09294871794871795	0.172008547008547	0.09508547008547008	0.035256410256410256	0.022435897435897436	0.09935897435897435	0.21047008547008547
34	file:/Users/samantha/Desktop/Digital_Humanity/Mallet/mallet-2.0.8/All/MidrashTanchumaVayera19:10.txt	0.005208333333333333	0.026041666666666668	0.11979166666666667	0.057291666666666664	0.026041666666666668	0.036458333333333336	0.078125	0.19270833333333334	0.09895833333333333	0.359375
35	file:/Users/samantha/Desktop/Digital_Humanity/Mallet/mallet-2.0.8/All/MidrashTanchumaVayera23:97.txt	0.1	0.3	0.1	0.14444444444444443	0.05555555555555555	0.011111111111111112	0.011111111111111112	0.05555555555555555	0.16666666666666666	0.05555555555555555
36	file:/Users/samantha/Desktop/Digital_Humanity/Mallet/mallet-2.0.8/All/PirkeiDeRabbiEliezer29:5.txt	0.09883720930232558	0.2616279069767442	0.005813953488372093	0.040697674418604654	0.06395348837209303	0.19186046511627908	0.05232558139534884	0.11046511627906977	0.13372093023255813	0.040697674418604654
37	file:/Users/samantha/Desktop/Digital_Humanity/Mallet/mallet-2.0.8/All/PirkeiDeRabbiEliezer29:59.txt	0.09883720930232558	0.28488372093023256	0.005813953488372093	0.040697674418604654	0.029069767441860465	0.20348837209302326	0.05232558139534884	0.09883720930232558	0.14534883720930233	0.040697674418604654
38	file:/Users/samantha/Desktop/Digital_Humanity/Mallet/mallet-2.0.8/All/PirkeiDeRabbiEliezer30:3.txt	0.01	0.05	0.03	0.01	0.01	0.01	0.03	0.09	0.11	0.65
39	file:/Users/samantha/Desktop/Digital_Humanity/Mallet/mallet-2.0.8/All/PirkeiDeRabbiEliezer30:311.txt	0.01	0.01	0.07	0.01	0.01	0.01	0.05	0.17	0.09	0.57
40	file:/Users/samantha/Desktop/Digital_Humanity/Mallet/mallet-2.0.8/All/PirkeiDeRabbiEliezer32:3.txt	0.21428571428571427	0.07142857142857142	0.07142857142857142	0.07142857142857142	0.07142857142857142	0.07142857142857142	0.07142857142857142	0.07142857142857142	0.07142857142857142	0.21428571428571427
41	file:/Users/samantha/Desktop/Digital_Humanity/Mallet/mallet-2.0.8/All/PirkeiDeRabbiEliezer32:310.txt	0.02027027027027027	0.20945945945945946	0.16891891891891891	0.02027027027027027	0.02027027027027027	0.11486486486486487	0.006756756756756757	0.25	0.006756756756756757	0.18243243243243243
42	file:/Users/samantha/Desktop/Digital_Humanity/Mallet/mallet-2.0.8/All/PirkeiDeRabbiEliezer32:312.txt	0.006756756756756757	0.18243243243243243	0.16891891891891891	0.02027027027027027	0.0472972972972973	0.10135135135135136	0.006756756756756757	0.25	0.006756756756756757	0.20945945945945946
43	file:/Users/samantha/Desktop/Digital_Humanity/Mallet/mallet-2.0.8/All/PirkeiDeRabbiEliezer5:1.txt	0.006172839506172839	0.19135802469135801	0.006172839506172839	0.006172839506172839	0.08024691358024691	0.030864197530864196	0.1419753086419753	0.12962962962962962	0.22839506172839505	0.17901234567901234
44	file:/Users/samantha/Desktop/Digital_Humanity/Mallet/mallet-2.0.8/All/PirkeiDeRabbiEliezer5:18.txt	0.006172839506172839	0.2037037037037037	0.006172839506172839	0.006172839506172839	0.09259259259259259	0.030864197530864196	0.12962962962962962	0.1419753086419753	0.24074074074074073	0.1419753086419753
45	file:/Users/samantha/Desktop/Digital_Humanity/Mallet/mallet-2.0.8/All/SeferHaYashar(midrash)BookofGenesis,Vayera188.txt	0.011013215859030838	0.19162995594713655	0.13876651982378854	0.024229074889867842	0.2092511013215859	0.006607929515418502	0.0947136563876652	0.05947136563876652	0.011013215859030838	0.2533039647577093
46	file:/Users/samantha/Desktop/Digital_Humanity/Mallet/mallet-2.0.8/All/SeferHaYashar(midrash)BookofGenesis,Vayera219.txt	0.03303964757709251	0.11233480176211454	0.16519823788546256	0.05066079295154185	0.15638766519823788	0.024229074889867842	0.028634361233480177	0.21806167400881057	0.05506607929515418	0.15638766519823788
