0	file:/Users/samantha/Desktop/Digital_Humanity/Mallet/mallet-2.0.8/All/.DS_Store	0.07142857142857142	0.21428571428571427	0.07142857142857142	0.21428571428571427	0.07142857142857142	0.07142857142857142	0.07142857142857142	0.07142857142857142	0.07142857142857142	0.07142857142857142
1	file:/Users/samantha/Desktop/Digital_Humanity/Mallet/mallet-2.0.8/All/BereishitRabbah39.txt	0.19767441860465115	0.03488372093023256	0.08139534883720931	0.5	0.011627906976744186	0.011627906976744186	0.08139534883720931	0.011627906976744186	0.03488372093023256	0.03488372093023256
2	file:/Users/samantha/Desktop/Digital_Humanity/Mallet/mallet-2.0.8/All/BereishitRabbah390.txt	0.12790697674418605	0.011627906976744186	0.08139534883720931	0.5465116279069767	0.05813953488372093	0.011627906976744186	0.08139534883720931	0.011627906976744186	0.03488372093023256	0.03488372093023256
3	file:/Users/samantha/Desktop/Digital_Humanity/Mallet/mallet-2.0.8/All/BereishitRabbah45.txt	0.0858433734939759	0.10391566265060241	0.010542168674698794	0.007530120481927711	0.29668674698795183	0.15512048192771086	0.010542168674698794	0.10090361445783133	0.04066265060240964	0.18825301204819278
4	file:/Users/samantha/Desktop/Digital_Humanity/Mallet/mallet-2.0.8/All/BereishitRabbah451.txt	0.08283132530120482	0.10692771084337349	0.007530120481927711	0.0015060240963855422	0.29066265060240964	0.15512048192771086	0.01355421686746988	0.11596385542168675	0.043674698795180725	0.1822289156626506
5	file:/Users/samantha/Desktop/Digital_Humanity/Mallet/mallet-2.0.8/All/BereishitRabbah47:1.txt	0.22023809523809523	0.05357142857142857	0.005952380952380952	0.005952380952380952	0.35119047619047616	0.005952380952380952	0.005952380952380952	0.30357142857142855	0.017857142857142856	0.02976190476190476
6	file:/Users/samantha/Desktop/Digital_Humanity/Mallet/mallet-2.0.8/All/BereishitRabbah47:12.txt	0.22023809523809523	0.041666666666666664	0.005952380952380952	0.005952380952380952	0.31547619047619047	0.02976190476190476	0.005952380952380952	0.30357142857142855	0.05357142857142857	0.017857142857142856
7	file:/Users/samantha/Desktop/Digital_Humanity/Mallet/mallet-2.0.8/All/BereishitRabbah53.txt	0.0021929824561403508	0.0021929824561403508	0.0021929824561403508	0.08552631578947369	0.05482456140350877	0.12938596491228072	0.10307017543859649	0.05482456140350877	0.29605263157894735	0.26973684210526316
8	file:/Users/samantha/Desktop/Digital_Humanity/Mallet/mallet-2.0.8/All/BereishitRabbah533.txt	0.0021929824561403508	0.0021929824561403508	0.0021929824561403508	0.08552631578947369	0.06359649122807018	0.13815789473684212	0.1118421052631579	0.02412280701754386	0.28289473684210525	0.28728070175438597
9	file:/Users/samantha/Desktop/Digital_Humanity/Mallet/mallet-2.0.8/All/BereishitRabbah55:71.txt	0.03990610328638498	0.07276995305164319	0.02112676056338028	0.08685446009389672	0.284037558685446	0.11502347417840375	0.002347417840375587	0.11032863849765258	0.02112676056338028	0.24647887323943662
10	file:/Users/samantha/Desktop/Digital_Humanity/Mallet/mallet-2.0.8/All/BereishitRabbah56:44.txt	0.0049504950495049506	0.054455445544554455	0.14356435643564355	0.10396039603960396	0.01485148514851485	0.04455445544554455	0.04455445544554455	0.024752475247524754	0.0049504950495049506	0.5594059405940595
11	file:/Users/samantha/Desktop/Digital_Humanity/Mallet/mallet-2.0.8/All/BereishitRabbah56:76.txt	0.035211267605633804	0.007042253521126761	0.02112676056338028	0.1619718309859155	0.20422535211267606	0.2887323943661972	0.007042253521126761	0.02112676056338028	0.06338028169014084	0.19014084507042253
12	file:/Users/samantha/Desktop/Digital_Humanity/Mallet/mallet-2.0.8/All/BereishitRabbah56:85.txt	0.07446808510638298	0.10283687943262411	0.010638297872340425	0.031914893617021274	0.09574468085106383	0.1099290780141844	0.05319148936170213	0.01773049645390071	0.1099290780141844	0.39361702127659576
13	file:/Users/samantha/Desktop/Digital_Humanity/Mallet/mallet-2.0.8/All/BereishitRabbah58.txt	0.007894736842105263	0.3868421052631579	0.08157894736842106	0.13421052631578947	0.007894736842105263	0.31842105263157894	0.002631578947368421	0.018421052631578946	0.002631578947368421	0.039473684210526314
14	file:/Users/samantha/Desktop/Digital_Humanity/Mallet/mallet-2.0.8/All/BereishitRabbah584.txt	0.002631578947368421	0.3973684210526316	0.060526315789473685	0.13421052631578947	0.007894736842105263	0.3236842105263158	0.002631578947368421	0.02894736842105263	0.002631578947368421	0.039473684210526314
15	file:/Users/samantha/Desktop/Digital_Humanity/Mallet/mallet-2.0.8/All/BereishitRabbah60.txt	0.024752475247524754	0.0049504950495049506	0.01485148514851485	0.5495049504950495	0.0049504950495049506	0.22277227722772278	0.0049504950495049506	0.0049504950495049506	0.16336633663366337	0.0049504950495049506
16	file:/Users/samantha/Desktop/Digital_Humanity/Mallet/mallet-2.0.8/All/BereishitRabbah605.txt	0.0049504950495049506	0.0049504950495049506	0.01485148514851485	0.5495049504950495	0.0049504950495049506	0.24257425742574257	0.0049504950495049506	0.0049504950495049506	0.16336633663366337	0.0049504950495049506
17	file:/Users/samantha/Desktop/Digital_Humanity/Mallet/mallet-2.0.8/All/EinYaakovRoshHashanah1:10.txt	0.04746835443037975	0.17405063291139242	0.2310126582278481	0.0031645569620253164	0.07278481012658228	0.0031645569620253164	0.0031645569620253164	0.0981012658227848	0.25	0.11708860759493671
18	file:/Users/samantha/Desktop/Digital_Humanity/Mallet/mallet-2.0.8/All/EinYaakovRoshHashanah1:106.txt	0.060126582278481014	0.17405063291139242	0.22468354430379747	0.0031645569620253164	0.07911392405063292	0.0031645569620253164	0.0031645569620253164	0.10443037974683544	0.23734177215189872	0.11075949367088607
19	file:/Users/samantha/Desktop/Digital_Humanity/Mallet/mallet-2.0.8/All/MidrashEinYaakovBavaBatra5:233.txt	0.16517857142857142	0.049107142857142856	0.16517857142857142	0.22767857142857142	0.004464285714285714	0.08482142857142858	0.049107142857142856	0.022321428571428572	0.20089285714285715	0.03125
20	file:/Users/samantha/Desktop/Digital_Humanity/Mallet/mallet-2.0.8/All/MidrashEinYaakovBerakhot6:21.txt	0.0037313432835820895	0.026119402985074626	0.16044776119402984	0.033582089552238806	0.13059701492537312	0.22761194029850745	0.048507462686567165	0.22014925373134328	0.0037313432835820895	0.1455223880597015
21	file:/Users/samantha/Desktop/Digital_Humanity/Mallet/mallet-2.0.8/All/MidrashEinYaakovMenachot4:36.txt	0.5166666666666667	0.016666666666666666	0.016666666666666666	0.11666666666666667	0.016666666666666666	0.15	0.016666666666666666	0.08333333333333333	0.05	0.016666666666666666
22	file:/Users/samantha/Desktop/Digital_Humanity/Mallet/mallet-2.0.8/All/MidrashEinYaakovMoedKatan1:44.txt	0.04716981132075472	0.02830188679245283	0.009433962264150943	0.0660377358490566	0.04716981132075472	0.19811320754716982	0.19811320754716982	0.1792452830188679	0.2169811320754717	0.009433962264150943
23	file:/Users/samantha/Desktop/Digital_Humanity/Mallet/mallet-2.0.8/All/MidrashEinYaakovRoshHashanah4:10.txt	0.07553956834532374	0.21223021582733814	0.3345323741007194	0.08273381294964029	0.025179856115107913	0.0035971223021582736	0.11870503597122302	0.14028776978417265	0.0035971223021582736	0.0035971223021582736
24	file:/Users/samantha/Desktop/Digital_Humanity/Mallet/mallet-2.0.8/All/MidrashEinYaakovSanhedrin11:1057.txt	0.322265625	0.111328125	0.025390625	0.056640625	0.076171875	0.037109375	0.166015625	0.060546875	0.068359375	0.076171875
25	file:/Users/samantha/Desktop/Digital_Humanity/Mallet/mallet-2.0.8/All/MidrashEinYaakovShabat2:105.txt	0.35106382978723405	0.11315280464216634	0.024177949709864602	0.06673114119922631	0.043520309477756286	0.020309477756286266	0.2369439071566731	0.01644100580270793	0.08800773694390715	0.039651837524177946
26	file:/Users/samantha/Desktop/Digital_Humanity/Mallet/mallet-2.0.8/All/MidrashEinYaakovShabbat16:122.txt	0.10714285714285714	0.008241758241758242	0.18406593406593408	0.30494505494505497	0.22802197802197802	0.0027472527472527475	0.04120879120879121	0.03571428571428571	0.06318681318681318	0.024725274725274724
27	file:/Users/samantha/Desktop/Digital_Humanity/Mallet/mallet-2.0.8/All/MidrashTanchumaAchreiMot1:1.txt	0.04535864978902954	0.11075949367088607	0.10654008438818566	0.007383966244725738	0.0010548523206751054	0.017932489451476793	0.31329113924050633	0.39345991561181437	0.0031645569620253164	0.0010548523206751054
28	file:/Users/samantha/Desktop/Digital_Humanity/Mallet/mallet-2.0.8/All/MidrashTanchumaAchreiMot1:17.txt	0.03270042194092827	0.10864978902953587	0.0981012658227848	0.011603375527426161	0.0031645569620253164	0.017932489451476793	0.31751054852320676	0.40822784810126583	0.0010548523206751054	0.0010548523206751054
29	file:/Users/samantha/Desktop/Digital_Humanity/Mallet/mallet-2.0.8/All/MidrashTanchumaBeshalach11:29.txt	0.05303030303030303	0.007575757575757576	0.3106060606060606	0.022727272727272728	0.17424242424242425	0.022727272727272728	0.05303030303030303	0.06818181818181818	0.25	0.03787878787878788
30	file:/Users/samantha/Desktop/Digital_Humanity/Mallet/mallet-2.0.8/All/MidrashTanchumaBuberVayera46:93.txt	0.011363636363636364	0.07954545454545454	0.32954545454545453	0.03409090909090909	0.10227272727272728	0.011363636363636364	0.03409090909090909	0.17045454545454544	0.03409090909090909	0.19318181818181818
31	file:/Users/samantha/Desktop/Digital_Humanity/Mallet/mallet-2.0.8/All/MidrashTanchumaKiTisa14:310.txt	0.20714285714285716	0.06428571428571428	0.29285714285714287	0.007142857142857143	0.07857142857142857	0.07857142857142857	0.007142857142857143	0.07857142857142857	0.12142857142857143	0.06428571428571428
32	file:/Users/samantha/Desktop/Digital_Humanity/Mallet/mallet-2.0.8/All/MidrashTanchumaMasei10:18.txt	0.026041666666666668	0.026041666666666668	0.036458333333333336	0.13020833333333334	0.09895833333333333	0.015625	0.036458333333333336	0.11979166666666667	0.484375	0.026041666666666668
33	file:/Users/samantha/Desktop/Digital_Humanity/Mallet/mallet-2.0.8/All/MidrashTanchumaShmini,Siman2:12.txt	0.07371794871794872	0.1955128205128205	0.056623931623931624	0.12286324786324786	0.06944444444444445	0.005341880341880342	0.24893162393162394	0.1655982905982906	0.0202991452991453	0.041666666666666664
34	file:/Users/samantha/Desktop/Digital_Humanity/Mallet/mallet-2.0.8/All/MidrashTanchumaVayera19:10.txt	0.265625	0.09895833333333333	0.09895833333333333	0.036458333333333336	0.18229166666666666	0.08854166666666667	0.06770833333333333	0.026041666666666668	0.015625	0.11979166666666667
35	file:/Users/samantha/Desktop/Digital_Humanity/Mallet/mallet-2.0.8/All/MidrashTanchumaVayera23:97.txt	0.3	0.03333333333333333	0.34444444444444444	0.07777777777777778	0.1	0.011111111111111112	0.011111111111111112	0.011111111111111112	0.011111111111111112	0.1
36	file:/Users/samantha/Desktop/Digital_Humanity/Mallet/mallet-2.0.8/All/PirkeiDeRabbiEliezer29:5.txt	0.20348837209302326	0.005813953488372093	0.1686046511627907	0.11046511627906977	0.3313953488372093	0.029069767441860465	0.0872093023255814	0.005813953488372093	0.01744186046511628	0.040697674418604654
37	file:/Users/samantha/Desktop/Digital_Humanity/Mallet/mallet-2.0.8/All/PirkeiDeRabbiEliezer29:59.txt	0.25	0.005813953488372093	0.14534883720930233	0.11046511627906977	0.3430232558139535	0.005813953488372093	0.0755813953488372	0.005813953488372093	0.005813953488372093	0.05232558139534884
38	file:/Users/samantha/Desktop/Digital_Humanity/Mallet/mallet-2.0.8/All/PirkeiDeRabbiEliezer30:3.txt	0.35	0.11	0.13	0.01	0.21	0.11	0.01	0.01	0.03	0.03
39	file:/Users/samantha/Desktop/Digital_Humanity/Mallet/mallet-2.0.8/All/PirkeiDeRabbiEliezer30:311.txt	0.37	0.07	0.15	0.01	0.23	0.07	0.01	0.01	0.07	0.01
40	file:/Users/samantha/Desktop/Digital_Humanity/Mallet/mallet-2.0.8/All/PirkeiDeRabbiEliezer32:3.txt	0.07142857142857142	0.07142857142857142	0.07142857142857142	0.07142857142857142	0.07142857142857142	0.21428571428571427	0.07142857142857142	0.07142857142857142	0.07142857142857142	0.21428571428571427
41	file:/Users/samantha/Desktop/Digital_Humanity/Mallet/mallet-2.0.8/All/PirkeiDeRabbiEliezer32:310.txt	0.033783783783783786	0.006756756756756757	0.6013513513513513	0.006756756756756757	0.02027027027027027	0.006756756756756757	0.006756756756756757	0.006756756756756757	0.14189189189189189	0.16891891891891891
42	file:/Users/samantha/Desktop/Digital_Humanity/Mallet/mallet-2.0.8/All/PirkeiDeRabbiEliezer32:312.txt	0.006756756756756757	0.006756756756756757	0.6418918918918919	0.006756756756756757	0.006756756756756757	0.006756756756756757	0.006756756756756757	0.006756756756756757	0.14189189189189189	0.16891891891891891
43	file:/Users/samantha/Desktop/Digital_Humanity/Mallet/mallet-2.0.8/All/PirkeiDeRabbiEliezer5:1.txt	0.030864197530864196	0.10493827160493827	0.4382716049382716	0.030864197530864196	0.006172839506172839	0.35185185185185186	0.018518518518518517	0.006172839506172839	0.006172839506172839	0.006172839506172839
44	file:/Users/samantha/Desktop/Digital_Humanity/Mallet/mallet-2.0.8/All/PirkeiDeRabbiEliezer5:18.txt	0.018518518518518517	0.09259259259259259	0.47530864197530864	0.043209876543209874	0.006172839506172839	0.3271604938271605	0.018518518518518517	0.006172839506172839	0.006172839506172839	0.006172839506172839
45	file:/Users/samantha/Desktop/Digital_Humanity/Mallet/mallet-2.0.8/All/SeferHaYashar(midrash)BookofGenesis,Vayera188.txt	0.15638766519823788	0.015418502202643172	0.394273127753304	0.024229074889867842	0.09030837004405286	0.03303964757709251	0.011013215859030838	0.0022026431718061676	0.1343612334801762	0.13876651982378854
46	file:/Users/samantha/Desktop/Digital_Humanity/Mallet/mallet-2.0.8/All/SeferHaYashar(midrash)BookofGenesis,Vayera219.txt	0.11674008810572688	0.05066079295154185	0.3590308370044053	0.08590308370044053	0.1299559471365639	0.05947136563876652	0.04185022026431718	0.0022026431718061676	0.037444933920704845	0.11674008810572688
