0	file:/Users/samantha/Desktop/Digital_Humanity/Mallet/mallet-2.0.8/All/.DS_Store	0.07142857142857142	0.07142857142857142	0.07142857142857142	0.21428571428571427	0.07142857142857142	0.21428571428571427	0.07142857142857142	0.07142857142857142	0.07142857142857142	0.07142857142857142
1	file:/Users/samantha/Desktop/Digital_Humanity/Mallet/mallet-2.0.8/All/BereishitRabbah39.txt	0.05813953488372093	0.08139534883720931	0.1511627906976744	0.011627906976744186	0.47674418604651164	0.011627906976744186	0.05813953488372093	0.011627906976744186	0.011627906976744186	0.12790697674418605
2	file:/Users/samantha/Desktop/Digital_Humanity/Mallet/mallet-2.0.8/All/BereishitRabbah390.txt	0.05813953488372093	0.08139534883720931	0.1511627906976744	0.011627906976744186	0.47674418604651164	0.03488372093023256	0.011627906976744186	0.03488372093023256	0.011627906976744186	0.12790697674418605
3	file:/Users/samantha/Desktop/Digital_Humanity/Mallet/mallet-2.0.8/All/BereishitRabbah45.txt	0.26957831325301207	0.16716867469879518	0.07981927710843373	0.0015060240963855422	0.2605421686746988	0.0015060240963855422	0.11596385542168675	0.01957831325301205	0.0015060240963855422	0.08283132530120482
4	file:/Users/samantha/Desktop/Digital_Humanity/Mallet/mallet-2.0.8/All/BereishitRabbah451.txt	0.2876506024096386	0.17921686746987953	0.058734939759036146	0.0015060240963855422	0.25150602409638556	0.0015060240963855422	0.1280120481927711	0.01355421686746988	0.007530120481927711	0.07078313253012049
5	file:/Users/samantha/Desktop/Digital_Humanity/Mallet/mallet-2.0.8/All/BereishitRabbah47:1.txt	0.27976190476190477	0.06547619047619048	0.06547619047619048	0.05357142857142857	0.3273809523809524	0.005952380952380952	0.05357142857142857	0.02976190476190476	0.1130952380952381	0.005952380952380952
6	file:/Users/samantha/Desktop/Digital_Humanity/Mallet/mallet-2.0.8/All/BereishitRabbah47:12.txt	0.25595238095238093	0.07738095238095238	0.05357142857142857	0.041666666666666664	0.3273809523809524	0.005952380952380952	0.041666666666666664	0.02976190476190476	0.16071428571428573	0.005952380952380952
7	file:/Users/samantha/Desktop/Digital_Humanity/Mallet/mallet-2.0.8/All/BereishitRabbah53.txt	0.09429824561403509	0.02412280701754386	0.03728070175438596	0.03289473684210526	0.03289473684210526	0.006578947368421052	0.24342105263157895	0.4583333333333333	0.0021929824561403508	0.06798245614035088
8	file:/Users/samantha/Desktop/Digital_Humanity/Mallet/mallet-2.0.8/All/BereishitRabbah533.txt	0.09429824561403509	0.02412280701754386	0.03289473684210526	0.03289473684210526	0.02850877192982456	0.010964912280701754	0.24342105263157895	0.4451754385964912	0.006578947368421052	0.08114035087719298
9	file:/Users/samantha/Desktop/Digital_Humanity/Mallet/mallet-2.0.8/All/BereishitRabbah55:71.txt	0.2136150234741784	0.025821596244131457	0.04460093896713615	0.025821596244131457	0.05868544600938967	0.1056338028169014	0.19014084507042253	0.06338028169014084	0.1807511737089202	0.09154929577464789
10	file:/Users/samantha/Desktop/Digital_Humanity/Mallet/mallet-2.0.8/All/BereishitRabbah56:44.txt	0.04455445544554455	0.0049504950495049506	0.41089108910891087	0.034653465346534656	0.06435643564356436	0.0049504950495049506	0.10396039603960396	0.2722772277227723	0.01485148514851485	0.04455445544554455
11	file:/Users/samantha/Desktop/Digital_Humanity/Mallet/mallet-2.0.8/All/BereishitRabbah56:76.txt	0.07746478873239436	0.02112676056338028	0.09154929577464789	0.2605633802816901	0.11971830985915492	0.02112676056338028	0.07746478873239436	0.21830985915492956	0.007042253521126761	0.1056338028169014
12	file:/Users/samantha/Desktop/Digital_Humanity/Mallet/mallet-2.0.8/All/BereishitRabbah56:85.txt	0.03900709219858156	0.031914893617021274	0.17375886524822695	0.20921985815602837	0.024822695035460994	0.04609929078014184	0.024822695035460994	0.2872340425531915	0.1099290780141844	0.05319148936170213
13	file:/Users/samantha/Desktop/Digital_Humanity/Mallet/mallet-2.0.8/All/BereishitRabbah58.txt	0.26052631578947366	0.002631578947368421	0.002631578947368421	0.018421052631578946	0.002631578947368421	0.28157894736842104	0.013157894736842105	0.002631578947368421	0.2710526315789474	0.14473684210526316
14	file:/Users/samantha/Desktop/Digital_Humanity/Mallet/mallet-2.0.8/All/BereishitRabbah584.txt	0.2657894736842105	0.002631578947368421	0.002631578947368421	0.018421052631578946	0.002631578947368421	0.27631578947368424	0.007894736842105263	0.002631578947368421	0.27631578947368424	0.14473684210526316
15	file:/Users/samantha/Desktop/Digital_Humanity/Mallet/mallet-2.0.8/All/BereishitRabbah60.txt	0.09405940594059406	0.3316831683168317	0.01485148514851485	0.0049504950495049506	0.0049504950495049506	0.30198019801980197	0.034653465346534656	0.18316831683168316	0.024752475247524754	0.0049504950495049506
16	file:/Users/samantha/Desktop/Digital_Humanity/Mallet/mallet-2.0.8/All/BereishitRabbah605.txt	0.08415841584158416	0.3712871287128713	0.0049504950495049506	0.0049504950495049506	0.0049504950495049506	0.2623762376237624	0.06435643564356436	0.16336633663366337	0.024752475247524754	0.01485148514851485
17	file:/Users/samantha/Desktop/Digital_Humanity/Mallet/mallet-2.0.8/All/EinYaakovRoshHashanah1:10.txt	0.11075949367088607	0.12974683544303797	0.19936708860759494	0.12341772151898735	0.022151898734177215	0.12341772151898735	0.2689873417721519	0.00949367088607595	0.0031645569620253164	0.00949367088607595
18	file:/Users/samantha/Desktop/Digital_Humanity/Mallet/mallet-2.0.8/All/EinYaakovRoshHashanah1:106.txt	0.11075949367088607	0.1360759493670886	0.2310126582278481	0.11708860759493671	0.015822784810126583	0.1360759493670886	0.21835443037974683	0.00949367088607595	0.0031645569620253164	0.022151898734177215
19	file:/Users/samantha/Desktop/Digital_Humanity/Mallet/mallet-2.0.8/All/MidrashEinYaakovBavaBatra5:233.txt	0.013392857142857142	0.004464285714285714	0.34375	0.11160714285714286	0.12053571428571429	0.23660714285714285	0.022321428571428572	0.03125	0.049107142857142856	0.06696428571428571
20	file:/Users/samantha/Desktop/Digital_Humanity/Mallet/mallet-2.0.8/All/MidrashEinYaakovBerakhot6:21.txt	0.13059701492537312	0.0708955223880597	0.25	0.12313432835820895	0.011194029850746268	0.10074626865671642	0.10820895522388059	0.13059701492537312	0.055970149253731345	0.018656716417910446
21	file:/Users/samantha/Desktop/Digital_Humanity/Mallet/mallet-2.0.8/All/MidrashEinYaakovMenachot4:36.txt	0.05	0.11666666666666667	0.016666666666666666	0.05	0.18333333333333332	0.08333333333333333	0.016666666666666666	0.21666666666666667	0.05	0.21666666666666667
22	file:/Users/samantha/Desktop/Digital_Humanity/Mallet/mallet-2.0.8/All/MidrashEinYaakovMoedKatan1:44.txt	0.02830188679245283	0.009433962264150943	0.009433962264150943	0.08490566037735849	0.009433962264150943	0.0660377358490566	0.0660377358490566	0.04716981132075472	0.4811320754716981	0.19811320754716982
23	file:/Users/samantha/Desktop/Digital_Humanity/Mallet/mallet-2.0.8/All/MidrashEinYaakovRoshHashanah4:10.txt	0.06115107913669065	0.13309352517985612	0.08273381294964029	0.19784172661870503	0.06115107913669065	0.039568345323741004	0.017985611510791366	0.0035971223021582736	0.32014388489208634	0.08273381294964029
24	file:/Users/samantha/Desktop/Digital_Humanity/Mallet/mallet-2.0.8/All/MidrashEinYaakovSanhedrin11:1057.txt	0.060546875	0.205078125	0.025390625	0.048828125	0.177734375	0.025390625	0.115234375	0.044921875	0.099609375	0.197265625
25	file:/Users/samantha/Desktop/Digital_Humanity/Mallet/mallet-2.0.8/All/MidrashEinYaakovShabat2:105.txt	0.05125725338491296	0.24468085106382978	0.01644100580270793	0.0551257253384913	0.08800773694390715	0.0183752417794971	0.11895551257253385	0.06479690522243714	0.13829787234042554	0.20406189555125726
26	file:/Users/samantha/Desktop/Digital_Humanity/Mallet/mallet-2.0.8/All/MidrashEinYaakovShabbat16:122.txt	0.013736263736263736	0.1565934065934066	0.3708791208791209	0.008241758241758242	0.10164835164835165	0.12362637362637363	0.1346153846153846	0.046703296703296704	0.03021978021978022	0.013736263736263736
27	file:/Users/samantha/Desktop/Digital_Humanity/Mallet/mallet-2.0.8/All/MidrashTanchumaAchreiMot1:1.txt	0.017932489451476793	0.0010548523206751054	0.03270042194092827	0.4419831223628692	0.0031645569620253164	0.0580168776371308	0.013713080168776372	0.013713080168776372	0.31751054852320676	0.10021097046413502
28	file:/Users/samantha/Desktop/Digital_Humanity/Mallet/mallet-2.0.8/All/MidrashTanchumaAchreiMot1:17.txt	0.013713080168776372	0.0010548523206751054	0.03059071729957806	0.4419831223628692	0.0031645569620253164	0.05379746835443038	0.024261603375527425	0.011603375527426161	0.31751054852320676	0.10232067510548523
29	file:/Users/samantha/Desktop/Digital_Humanity/Mallet/mallet-2.0.8/All/MidrashTanchumaBeshalach11:29.txt	0.022727272727272728	0.007575757575757576	0.14393939393939395	0.12878787878787878	0.20454545454545456	0.05303030303030303	0.03787878787878788	0.05303030303030303	0.14393939393939395	0.20454545454545456
30	file:/Users/samantha/Desktop/Digital_Humanity/Mallet/mallet-2.0.8/All/MidrashTanchumaBuberVayera46:93.txt	0.011363636363636364	0.10227272727272728	0.07954545454545454	0.19318181818181818	0.10227272727272728	0.03409090909090909	0.2159090909090909	0.07954545454545454	0.07954545454545454	0.10227272727272728
31	file:/Users/samantha/Desktop/Digital_Humanity/Mallet/mallet-2.0.8/All/MidrashTanchumaKiTisa14:310.txt	0.007142857142857143	0.09285714285714286	0.22142857142857142	0.09285714285714286	0.29285714285714287	0.16428571428571428	0.007142857142857143	0.007142857142857143	0.007142857142857143	0.10714285714285714
32	file:/Users/samantha/Desktop/Digital_Humanity/Mallet/mallet-2.0.8/All/MidrashTanchumaMasei10:18.txt	0.005208333333333333	0.036458333333333336	0.026041666666666668	0.421875	0.026041666666666668	0.057291666666666664	0.24479166666666666	0.078125	0.015625	0.08854166666666667
33	file:/Users/samantha/Desktop/Digital_Humanity/Mallet/mallet-2.0.8/All/MidrashTanchumaShmini,Siman2:12.txt	0.028846153846153848	0.05448717948717949	0.11004273504273504	0.1485042735042735	0.050213675213675216	0.07371794871794872	0.15705128205128205	0.05235042735042735	0.17414529914529914	0.15064102564102563
34	file:/Users/samantha/Desktop/Digital_Humanity/Mallet/mallet-2.0.8/All/MidrashTanchumaVayera19:10.txt	0.005208333333333333	0.036458333333333336	0.08854166666666667	0.046875	0.078125	0.296875	0.22395833333333334	0.06770833333333333	0.046875	0.109375
35	file:/Users/samantha/Desktop/Digital_Humanity/Mallet/mallet-2.0.8/All/MidrashTanchumaVayera23:97.txt	0.1	0.011111111111111112	0.011111111111111112	0.16666666666666666	0.16666666666666666	0.07777777777777778	0.2777777777777778	0.011111111111111112	0.03333333333333333	0.14444444444444443
36	file:/Users/samantha/Desktop/Digital_Humanity/Mallet/mallet-2.0.8/All/PirkeiDeRabbiEliezer29:5.txt	0.11046511627906977	0.0755813953488372	0.25	0.005813953488372093	0.01744186046511628	0.0755813953488372	0.0872093023255814	0.20348837209302326	0.1686046511627907	0.005813953488372093
37	file:/Users/samantha/Desktop/Digital_Humanity/Mallet/mallet-2.0.8/All/PirkeiDeRabbiEliezer29:59.txt	0.11046511627906977	0.0755813953488372	0.22674418604651161	0.005813953488372093	0.01744186046511628	0.0755813953488372	0.0872093023255814	0.20348837209302326	0.19186046511627908	0.005813953488372093
38	file:/Users/samantha/Desktop/Digital_Humanity/Mallet/mallet-2.0.8/All/PirkeiDeRabbiEliezer30:3.txt	0.25	0.01	0.01	0.03	0.01	0.05	0.43	0.19	0.01	0.01
39	file:/Users/samantha/Desktop/Digital_Humanity/Mallet/mallet-2.0.8/All/PirkeiDeRabbiEliezer30:311.txt	0.25	0.01	0.01	0.01	0.01	0.15	0.39	0.15	0.01	0.01
40	file:/Users/samantha/Desktop/Digital_Humanity/Mallet/mallet-2.0.8/All/PirkeiDeRabbiEliezer32:3.txt	0.07142857142857142	0.07142857142857142	0.07142857142857142	0.21428571428571427	0.07142857142857142	0.07142857142857142	0.07142857142857142	0.07142857142857142	0.21428571428571427	0.07142857142857142
41	file:/Users/samantha/Desktop/Digital_Humanity/Mallet/mallet-2.0.8/All/PirkeiDeRabbiEliezer32:310.txt	0.006756756756756757	0.006756756756756757	0.006756756756756757	0.006756756756756757	0.006756756756756757	0.02027027027027027	0.1554054054054054	0.5472972972972973	0.23648648648648649	0.006756756756756757
42	file:/Users/samantha/Desktop/Digital_Humanity/Mallet/mallet-2.0.8/All/PirkeiDeRabbiEliezer32:312.txt	0.006756756756756757	0.006756756756756757	0.006756756756756757	0.006756756756756757	0.006756756756756757	0.02027027027027027	0.20945945945945946	0.5067567567567568	0.22297297297297297	0.006756756756756757
43	file:/Users/samantha/Desktop/Digital_Humanity/Mallet/mallet-2.0.8/All/PirkeiDeRabbiEliezer5:1.txt	0.006172839506172839	0.006172839506172839	0.3271604938271605	0.006172839506172839	0.043209876543209874	0.4012345679012346	0.018518518518518517	0.10493827160493827	0.08024691358024691	0.006172839506172839
44	file:/Users/samantha/Desktop/Digital_Humanity/Mallet/mallet-2.0.8/All/PirkeiDeRabbiEliezer5:18.txt	0.006172839506172839	0.006172839506172839	0.3271604938271605	0.018518518518518517	0.006172839506172839	0.4012345679012346	0.006172839506172839	0.10493827160493827	0.11728395061728394	0.006172839506172839
45	file:/Users/samantha/Desktop/Digital_Humanity/Mallet/mallet-2.0.8/All/SeferHaYashar(midrash)BookofGenesis,Vayera188.txt	0.03303964757709251	0.03303964757709251	0.12555066079295155	0.006607929515418502	0.10792951541850221	0.07709251101321586	0.3986784140969163	0.11233480176211454	0.06828193832599119	0.037444933920704845
46	file:/Users/samantha/Desktop/Digital_Humanity/Mallet/mallet-2.0.8/All/SeferHaYashar(midrash)BookofGenesis,Vayera219.txt	0.0022026431718061676	0.1299559471365639	0.07709251101321586	0.07709251101321586	0.07268722466960352	0.06828193832599119	0.3458149779735683	0.09030837004405286	0.09911894273127753	0.037444933920704845
