0	file:/Users/samantha/Desktop/Digital_Humanity/Mallet/mallet-2.0.8/All/.DS_Store	0.07142857142857142	0.07142857142857142	0.07142857142857142	0.07142857142857142	0.21428571428571427	0.07142857142857142	0.07142857142857142	0.07142857142857142	0.21428571428571427	0.07142857142857142
1	file:/Users/samantha/Desktop/Digital_Humanity/Mallet/mallet-2.0.8/All/BereishitRabbah39.txt	0.011627906976744186	0.10465116279069768	0.03488372093023256	0.03488372093023256	0.011627906976744186	0.03488372093023256	0.011627906976744186	0.38372093023255816	0.313953488372093	0.05813953488372093
2	file:/Users/samantha/Desktop/Digital_Humanity/Mallet/mallet-2.0.8/All/BereishitRabbah390.txt	0.011627906976744186	0.08139534883720931	0.05813953488372093	0.011627906976744186	0.011627906976744186	0.03488372093023256	0.011627906976744186	0.43023255813953487	0.29069767441860467	0.05813953488372093
3	file:/Users/samantha/Desktop/Digital_Humanity/Mallet/mallet-2.0.8/All/BereishitRabbah45.txt	0.0015060240963855422	0.0015060240963855422	0.046686746987951805	0.043674698795180725	0.0015060240963855422	0.2575301204819277	0.16415662650602408	0.2394578313253012	0.0015060240963855422	0.24246987951807228
4	file:/Users/samantha/Desktop/Digital_Humanity/Mallet/mallet-2.0.8/All/BereishitRabbah451.txt	0.0015060240963855422	0.0015060240963855422	0.03765060240963856	0.04066265060240964	0.0015060240963855422	0.2545180722891566	0.16716867469879518	0.2394578313253012	0.0015060240963855422	0.2545180722891566
5	file:/Users/samantha/Desktop/Digital_Humanity/Mallet/mallet-2.0.8/All/BereishitRabbah47:1.txt	0.041666666666666664	0.005952380952380952	0.005952380952380952	0.08928571428571429	0.08928571428571429	0.07738095238095238	0.24404761904761904	0.3273809523809524	0.02976190476190476	0.08928571428571429
6	file:/Users/samantha/Desktop/Digital_Humanity/Mallet/mallet-2.0.8/All/BereishitRabbah47:12.txt	0.02976190476190476	0.005952380952380952	0.005952380952380952	0.10119047619047619	0.08928571428571429	0.08928571428571429	0.25595238095238093	0.30357142857142855	0.02976190476190476	0.08928571428571429
7	file:/Users/samantha/Desktop/Digital_Humanity/Mallet/mallet-2.0.8/All/BereishitRabbah53.txt	0.015350877192982455	0.041666666666666664	0.046052631578947366	0.20394736842105263	0.05482456140350877	0.08114035087719298	0.006578947368421052	0.19956140350877194	0.046052631578947366	0.3048245614035088
8	file:/Users/samantha/Desktop/Digital_Humanity/Mallet/mallet-2.0.8/All/BereishitRabbah533.txt	0.015350877192982455	0.05043859649122807	0.02412280701754386	0.17763157894736842	0.07236842105263158	0.08114035087719298	0.010964912280701754	0.21710526315789475	0.041666666666666664	0.3092105263157895
9	file:/Users/samantha/Desktop/Digital_Humanity/Mallet/mallet-2.0.8/All/BereishitRabbah55:71.txt	0.04929577464788732	0.0539906103286385	0.06338028169014084	0.13849765258215962	0.11032863849765258	0.05868544600938967	0.11502347417840375	0.1431924882629108	0.2136150234741784	0.0539906103286385
10	file:/Users/samantha/Desktop/Digital_Humanity/Mallet/mallet-2.0.8/All/BereishitRabbah56:44.txt	0.034653465346534656	0.10396039603960396	0.13366336633663367	0.30198019801980197	0.0049504950495049506	0.01485148514851485	0.06435643564356436	0.0049504950495049506	0.2524752475247525	0.08415841584158416
11	file:/Users/samantha/Desktop/Digital_Humanity/Mallet/mallet-2.0.8/All/BereishitRabbah56:76.txt	0.035211267605633804	0.11971830985915492	0.19014084507042253	0.176056338028169	0.007042253521126761	0.02112676056338028	0.09154929577464789	0.13380281690140844	0.21830985915492956	0.007042253521126761
12	file:/Users/samantha/Desktop/Digital_Humanity/Mallet/mallet-2.0.8/All/BereishitRabbah56:85.txt	0.05319148936170213	0.09574468085106383	0.13120567375886524	0.25886524822695034	0.13120567375886524	0.010638297872340425	0.024822695035460994	0.01773049645390071	0.2375886524822695	0.03900709219858156
13	file:/Users/samantha/Desktop/Digital_Humanity/Mallet/mallet-2.0.8/All/BereishitRabbah58.txt	0.13421052631578947	0.002631578947368421	0.07631578947368421	0.002631578947368421	0.002631578947368421	0.05526315789473684	0.007894736842105263	0.5605263157894737	0.1394736842105263	0.018421052631578946
14	file:/Users/samantha/Desktop/Digital_Humanity/Mallet/mallet-2.0.8/All/BereishitRabbah584.txt	0.12368421052631579	0.007894736842105263	0.08157894736842106	0.007894736842105263	0.002631578947368421	0.060526315789473685	0.013157894736842105	0.5710526315789474	0.12894736842105264	0.002631578947368421
15	file:/Users/samantha/Desktop/Digital_Humanity/Mallet/mallet-2.0.8/All/BereishitRabbah60.txt	0.01485148514851485	0.28217821782178215	0.0049504950495049506	0.07425742574257425	0.0049504950495049506	0.14356435643564355	0.034653465346534656	0.4207920792079208	0.0049504950495049506	0.01485148514851485
16	file:/Users/samantha/Desktop/Digital_Humanity/Mallet/mallet-2.0.8/All/BereishitRabbah605.txt	0.0049504950495049506	0.28217821782178215	0.0049504950495049506	0.07425742574257425	0.0049504950495049506	0.14356435643564355	0.034653465346534656	0.4306930693069307	0.0049504950495049506	0.01485148514851485
17	file:/Users/samantha/Desktop/Digital_Humanity/Mallet/mallet-2.0.8/All/EinYaakovRoshHashanah1:10.txt	0.0031645569620253164	0.41455696202531644	0.0981012658227848	0.1550632911392405	0.12974683544303797	0.022151898734177215	0.05379746835443038	0.028481012658227847	0.0031645569620253164	0.09177215189873418
18	file:/Users/samantha/Desktop/Digital_Humanity/Mallet/mallet-2.0.8/All/EinYaakovRoshHashanah1:106.txt	0.0031645569620253164	0.40822784810126583	0.12341772151898735	0.14240506329113925	0.1360759493670886	0.022151898734177215	0.060126582278481014	0.028481012658227847	0.0031645569620253164	0.07278481012658228
19	file:/Users/samantha/Desktop/Digital_Humanity/Mallet/mallet-2.0.8/All/MidrashEinYaakovBavaBatra5:233.txt	0.049107142857142856	0.08482142857142858	0.004464285714285714	0.12946428571428573	0.5401785714285714	0.013392857142857142	0.013392857142857142	0.07589285714285714	0.07589285714285714	0.013392857142857142
20	file:/Users/samantha/Desktop/Digital_Humanity/Mallet/mallet-2.0.8/All/MidrashEinYaakovBerakhot6:21.txt	0.0037313432835820895	0.13059701492537312	0.13059701492537312	0.13059701492537312	0.17537313432835822	0.07835820895522388	0.22761194029850745	0.018656716417910446	0.026119402985074626	0.07835820895522388
21	file:/Users/samantha/Desktop/Digital_Humanity/Mallet/mallet-2.0.8/All/MidrashEinYaakovMenachot4:36.txt	0.08333333333333333	0.31666666666666665	0.05	0.016666666666666666	0.18333333333333332	0.11666666666666667	0.08333333333333333	0.016666666666666666	0.08333333333333333	0.05
22	file:/Users/samantha/Desktop/Digital_Humanity/Mallet/mallet-2.0.8/All/MidrashEinYaakovMoedKatan1:44.txt	0.04716981132075472	0.12264150943396226	0.12264150943396226	0.08490566037735849	0.009433962264150943	0.4811320754716981	0.02830188679245283	0.009433962264150943	0.009433962264150943	0.08490566037735849
23	file:/Users/samantha/Desktop/Digital_Humanity/Mallet/mallet-2.0.8/All/MidrashEinYaakovRoshHashanah4:10.txt	0.0035971223021582736	0.39928057553956836	0.03237410071942446	0.025179856115107913	0.03237410071942446	0.12589928057553956	0.10431654676258993	0.025179856115107913	0.06115107913669065	0.1906474820143885
24	file:/Users/samantha/Desktop/Digital_Humanity/Mallet/mallet-2.0.8/All/MidrashEinYaakovSanhedrin11:1057.txt	0.052734375	0.076171875	0.310546875	0.072265625	0.056640625	0.111328125	0.111328125	0.001953125	0.111328125	0.095703125
25	file:/Users/samantha/Desktop/Digital_Humanity/Mallet/mallet-2.0.8/All/MidrashEinYaakovShabat2:105.txt	0.02804642166344294	0.06673114119922631	0.24661508704061896	0.1286266924564797	0.05319148936170213	0.11121856866537717	0.16731141199226304	0.01644100580270793	0.07059961315280464	0.11121856866537717
26	file:/Users/samantha/Desktop/Digital_Humanity/Mallet/mallet-2.0.8/All/MidrashEinYaakovShabbat16:122.txt	0.057692307692307696	0.057692307692307696	0.09615384615384616	0.07417582417582418	0.08516483516483517	0.008241758241758242	0.09065934065934066	0.0027472527472527475	0.23901098901098902	0.28846153846153844
27	file:/Users/samantha/Desktop/Digital_Humanity/Mallet/mallet-2.0.8/All/MidrashTanchumaAchreiMot1:1.txt	0.410337552742616	0.07278481012658228	0.07911392405063292	0.08755274261603375	0.011603375527426161	0.18248945147679324	0.020042194092827006	0.0010548523206751054	0.13185654008438819	0.0031645569620253164
28	file:/Users/samantha/Desktop/Digital_Humanity/Mallet/mallet-2.0.8/All/MidrashTanchumaAchreiMot1:17.txt	0.4272151898734177	0.07489451476793249	0.07278481012658228	0.0770042194092827	0.005274261603375527	0.20358649789029537	0.015822784810126583	0.0010548523206751054	0.12130801687763713	0.0010548523206751054
29	file:/Users/samantha/Desktop/Digital_Humanity/Mallet/mallet-2.0.8/All/MidrashTanchumaBeshalach11:29.txt	0.022727272727272728	0.022727272727272728	0.1590909090909091	0.007575757575757576	0.23484848484848486	0.05303030303030303	0.08333333333333333	0.022727272727272728	0.26515151515151514	0.12878787878787878
30	file:/Users/samantha/Desktop/Digital_Humanity/Mallet/mallet-2.0.8/All/MidrashTanchumaBuberVayera46:93.txt	0.17045454545454544	0.3522727272727273	0.07954545454545454	0.03409090909090909	0.011363636363636364	0.07954545454545454	0.011363636363636364	0.011363636363636364	0.07954545454545454	0.17045454545454544
31	file:/Users/samantha/Desktop/Digital_Humanity/Mallet/mallet-2.0.8/All/MidrashTanchumaKiTisa14:310.txt	0.07857142857142857	0.007142857142857143	0.007142857142857143	0.10714285714285714	0.2785714285714286	0.05	0.15	0.09285714285714286	0.12142857142857143	0.10714285714285714
32	file:/Users/samantha/Desktop/Digital_Humanity/Mallet/mallet-2.0.8/All/MidrashTanchumaMasei10:18.txt	0.109375	0.005208333333333333	0.005208333333333333	0.11979166666666667	0.484375	0.026041666666666668	0.005208333333333333	0.19270833333333334	0.046875	0.005208333333333333
33	file:/Users/samantha/Desktop/Digital_Humanity/Mallet/mallet-2.0.8/All/MidrashTanchumaShmini,Siman2:12.txt	0.38354700854700857	0.13995726495726496	0.04807692307692308	0.060897435897435896	0.028846153846153848	0.04807692307692308	0.09935897435897435	0.041666666666666664	0.125	0.024572649572649572
34	file:/Users/samantha/Desktop/Digital_Humanity/Mallet/mallet-2.0.8/All/MidrashTanchumaVayera19:10.txt	0.078125	0.036458333333333336	0.046875	0.16145833333333334	0.5260416666666666	0.026041666666666668	0.015625	0.026041666666666668	0.06770833333333333	0.015625
35	file:/Users/samantha/Desktop/Digital_Humanity/Mallet/mallet-2.0.8/All/MidrashTanchumaVayera23:97.txt	0.011111111111111112	0.18888888888888888	0.16666666666666666	0.011111111111111112	0.25555555555555554	0.03333333333333333	0.2111111111111111	0.03333333333333333	0.07777777777777778	0.011111111111111112
36	file:/Users/samantha/Desktop/Digital_Humanity/Mallet/mallet-2.0.8/All/PirkeiDeRabbiEliezer29:5.txt	0.25	0.27325581395348836	0.005813953488372093	0.029069767441860465	0.005813953488372093	0.005813953488372093	0.3430232558139535	0.01744186046511628	0.05232558139534884	0.01744186046511628
37	file:/Users/samantha/Desktop/Digital_Humanity/Mallet/mallet-2.0.8/All/PirkeiDeRabbiEliezer29:59.txt	0.27325581395348836	0.29651162790697677	0.005813953488372093	0.01744186046511628	0.005813953488372093	0.005813953488372093	0.3313953488372093	0.029069767441860465	0.029069767441860465	0.005813953488372093
38	file:/Users/samantha/Desktop/Digital_Humanity/Mallet/mallet-2.0.8/All/PirkeiDeRabbiEliezer30:3.txt	0.01	0.07	0.03	0.03	0.41	0.03	0.21	0.19	0.01	0.01
39	file:/Users/samantha/Desktop/Digital_Humanity/Mallet/mallet-2.0.8/All/PirkeiDeRabbiEliezer30:311.txt	0.01	0.05	0.03	0.03	0.43	0.01	0.21	0.19	0.01	0.03
40	file:/Users/samantha/Desktop/Digital_Humanity/Mallet/mallet-2.0.8/All/PirkeiDeRabbiEliezer32:3.txt	0.07142857142857142	0.07142857142857142	0.21428571428571427	0.21428571428571427	0.07142857142857142	0.07142857142857142	0.07142857142857142	0.07142857142857142	0.07142857142857142	0.07142857142857142
41	file:/Users/samantha/Desktop/Digital_Humanity/Mallet/mallet-2.0.8/All/PirkeiDeRabbiEliezer32:310.txt	0.18243243243243243	0.3310810810810811	0.02027027027027027	0.006756756756756757	0.07432432432432433	0.006756756756756757	0.033783783783783786	0.0472972972972973	0.07432432432432433	0.22297297297297297
42	file:/Users/samantha/Desktop/Digital_Humanity/Mallet/mallet-2.0.8/All/PirkeiDeRabbiEliezer32:312.txt	0.18243243243243243	0.3310810810810811	0.006756756756756757	0.006756756756756757	0.08783783783783784	0.006756756756756757	0.060810810810810814	0.08783783783783784	0.02027027027027027	0.20945945945945946
43	file:/Users/samantha/Desktop/Digital_Humanity/Mallet/mallet-2.0.8/All/PirkeiDeRabbiEliezer5:1.txt	0.11728395061728394	0.05555555555555555	0.19135802469135801	0.4012345679012346	0.06790123456790123	0.006172839506172839	0.006172839506172839	0.09259259259259259	0.05555555555555555	0.006172839506172839
44	file:/Users/samantha/Desktop/Digital_Humanity/Mallet/mallet-2.0.8/All/PirkeiDeRabbiEliezer5:18.txt	0.10493827160493827	0.043209876543209874	0.17901234567901234	0.41358024691358025	0.06790123456790123	0.006172839506172839	0.006172839506172839	0.11728395061728394	0.05555555555555555	0.006172839506172839
45	file:/Users/samantha/Desktop/Digital_Humanity/Mallet/mallet-2.0.8/All/SeferHaYashar(midrash)BookofGenesis,Vayera188.txt	0.0022026431718061676	0.2665198237885463	0.08590308370044053	0.11233480176211454	0.27973568281938327	0.015418502202643172	0.09911894273127753	0.006607929515418502	0.07709251101321586	0.05506607929515418
46	file:/Users/samantha/Desktop/Digital_Humanity/Mallet/mallet-2.0.8/All/SeferHaYashar(midrash)BookofGenesis,Vayera219.txt	0.08149779735682819	0.2444933920704846	0.11674008810572688	0.08590308370044053	0.2841409691629956	0.006607929515418502	0.015418502202643172	0.05947136563876652	0.08590308370044053	0.019823788546255508
