0	file:/Users/samantha/Desktop/Digital_Humanity/Mallet/mallet-2.0.8/All/.DS_Store	0.18253968253968253	0.03968253968253969	0.03968253968253969	0.03968253968253969	0.03968253968253969	0.03968253968253969	0.03968253968253969	0.18253968253968253	0.03968253968253969	0.03968253968253969	0.03968253968253969	0.03968253968253969	0.03968253968253969	0.03968253968253969	0.03968253968253969	0.03968253968253969	0.03968253968253969	0.03968253968253969
1	file:/Users/samantha/Desktop/Digital_Humanity/Mallet/mallet-2.0.8/All/BereishitRabbah39.txt	0.006459948320413437	0.029715762273901807	0.006459948320413437	0.052971576227390176	0.006459948320413437	0.006459948320413437	0.006459948320413437	0.006459948320413437	0.006459948320413437	0.006459948320413437	0.8204134366925064	0.006459948320413437	0.006459948320413437	0.006459948320413437	0.006459948320413437	0.006459948320413437	0.006459948320413437	0.006459948320413437
2	file:/Users/samantha/Desktop/Digital_Humanity/Mallet/mallet-2.0.8/All/BereishitRabbah390.txt	0.029715762273901807	0.006459948320413437	0.006459948320413437	0.029715762273901807	0.006459948320413437	0.006459948320413437	0.006459948320413437	0.006459948320413437	0.006459948320413437	0.029715762273901807	0.8204134366925064	0.006459948320413437	0.006459948320413437	0.006459948320413437	0.006459948320413437	0.006459948320413437	0.006459948320413437	0.006459948320413437
3	file:/Users/samantha/Desktop/Digital_Humanity/Mallet/mallet-2.0.8/All/BereishitRabbah45.txt	8.366800535475234E-4	0.40143908969210174	8.366800535475234E-4	8.366800535475234E-4	8.366800535475234E-4	8.366800535475234E-4	0.0038487282463186075	8.366800535475234E-4	8.366800535475234E-4	8.366800535475234E-4	8.366800535475234E-4	0.5821619812583668	8.366800535475234E-4	8.366800535475234E-4	8.366800535475234E-4	8.366800535475234E-4	8.366800535475234E-4	8.366800535475234E-4
4	file:/Users/samantha/Desktop/Digital_Humanity/Mallet/mallet-2.0.8/All/BereishitRabbah451.txt	8.366800535475234E-4	0.40143908969210174	8.366800535475234E-4	0.0038487282463186075	0.0038487282463186075	8.366800535475234E-4	8.366800535475234E-4	8.366800535475234E-4	8.366800535475234E-4	8.366800535475234E-4	8.366800535475234E-4	0.5791499330655957	8.366800535475234E-4	8.366800535475234E-4	8.366800535475234E-4	8.366800535475234E-4	8.366800535475234E-4	8.366800535475234E-4
5	file:/Users/samantha/Desktop/Digital_Humanity/Mallet/mallet-2.0.8/All/BereishitRabbah47:1.txt	0.003306878306878307	0.2056878306878307	0.003306878306878307	0.003306878306878307	0.003306878306878307	0.003306878306878307	0.003306878306878307	0.003306878306878307	0.003306878306878307	0.003306878306878307	0.7414021164021164	0.003306878306878307	0.003306878306878307	0.003306878306878307	0.003306878306878307	0.003306878306878307	0.003306878306878307	0.003306878306878307
6	file:/Users/samantha/Desktop/Digital_Humanity/Mallet/mallet-2.0.8/All/BereishitRabbah47:12.txt	0.003306878306878307	0.19378306878306878	0.003306878306878307	0.003306878306878307	0.003306878306878307	0.003306878306878307	0.003306878306878307	0.003306878306878307	0.003306878306878307	0.003306878306878307	0.7414021164021164	0.003306878306878307	0.01521164021164021	0.003306878306878307	0.003306878306878307	0.003306878306878307	0.003306878306878307	0.003306878306878307
7	file:/Users/samantha/Desktop/Digital_Humanity/Mallet/mallet-2.0.8/All/BereishitRabbah53.txt	0.014376218323586744	0.1591130604288499	0.018762183235867445	0.0012183235867446395	0.005604288499025341	0.0012183235867446395	0.0012183235867446395	0.7643762183235867	0.0012183235867446395	0.0012183235867446395	0.005604288499025341	0.0012183235867446395	0.005604288499025341	0.014376218323586744	0.0012183235867446395	0.0012183235867446395	0.0012183235867446395	0.0012183235867446395
8	file:/Users/samantha/Desktop/Digital_Humanity/Mallet/mallet-2.0.8/All/BereishitRabbah533.txt	0.009990253411306042	0.16349902534113062	0.02753411306042885	0.0012183235867446395	0.0012183235867446395	0.0012183235867446395	0.0012183235867446395	0.7643762183235867	0.0012183235867446395	0.0012183235867446395	0.005604288499025341	0.0012183235867446395	0.009990253411306042	0.005604288499025341	0.0012183235867446395	0.0012183235867446395	0.0012183235867446395	0.0012183235867446395
9	file:/Users/samantha/Desktop/Digital_Humanity/Mallet/mallet-2.0.8/All/BereishitRabbah55:71.txt	0.005998956703182055	0.3393322900365154	0.0013041210224308817	0.020083463745435577	0.07172665623369849	0.0013041210224308817	0.03886280646844027	0.015388628064684402	0.0013041210224308817	0.0013041210224308817	0.25013041210224307	0.0013041210224308817	0.005998956703182055	0.0013041210224308817	0.23604590505998957	0.0013041210224308817	0.0013041210224308817	0.005998956703182055
10	file:/Users/samantha/Desktop/Digital_Humanity/Mallet/mallet-2.0.8/All/BereishitRabbah56:44.txt	0.0027502750275027505	0.0027502750275027505	0.022552255225522552	0.08195819581958197	0.0027502750275027505	0.07205720572057206	0.0027502750275027505	0.032453245324532455	0.0027502750275027505	0.0027502750275027505	0.012651265126512651	0.07205720572057206	0.052255225522552254	0.0027502750275027505	0.5968096809680968	0.022552255225522552	0.0027502750275027505	0.012651265126512651
11	file:/Users/samantha/Desktop/Digital_Humanity/Mallet/mallet-2.0.8/All/BereishitRabbah56:76.txt	0.003912363067292645	0.10250391236306729	0.003912363067292645	0.11658841940532083	0.003912363067292645	0.003912363067292645	0.04616588419405321	0.08841940532081377	0.003912363067292645	0.003912363067292645	0.032081377151799685	0.07433489827856025	0.003912363067292645	0.032081377151799685	0.46870109546165883	0.003912363067292645	0.003912363067292645	0.003912363067292645
12	file:/Users/samantha/Desktop/Digital_Humanity/Mallet/mallet-2.0.8/All/BereishitRabbah56:85.txt	0.023246650906225373	0.023246650906225373	0.01615445232466509	0.023246650906225373	0.06579984239558709	0.01615445232466509	0.0019700551615445235	0.030338849487785657	0.0019700551615445235	0.0019700551615445235	0.03743104806934594	0.009062253743104806	0.030338849487785657	0.03743104806934594	0.5693459416863672	0.0587076438140268	0.05161544523246651	0.0019700551615445235
13	file:/Users/samantha/Desktop/Digital_Humanity/Mallet/mallet-2.0.8/All/BereishitRabbah58.txt	0.0014619883040935674	0.08567251461988304	0.8751461988304093	0.006725146198830409	0.006725146198830409	0.0014619883040935674	0.0014619883040935674	0.0014619883040935674	0.0014619883040935674	0.0014619883040935674	0.0014619883040935674	0.0014619883040935674	0.0014619883040935674	0.0014619883040935674	0.0014619883040935674	0.0014619883040935674	0.0014619883040935674	0.006725146198830409
14	file:/Users/samantha/Desktop/Digital_Humanity/Mallet/mallet-2.0.8/All/BereishitRabbah584.txt	0.0014619883040935674	0.08567251461988304	0.8856725146198831	0.006725146198830409	0.0014619883040935674	0.0014619883040935674	0.0014619883040935674	0.0014619883040935674	0.0014619883040935674	0.0014619883040935674	0.0014619883040935674	0.0014619883040935674	0.0014619883040935674	0.0014619883040935674	0.0014619883040935674	0.0014619883040935674	0.0014619883040935674	0.0014619883040935674
15	file:/Users/samantha/Desktop/Digital_Humanity/Mallet/mallet-2.0.8/All/BereishitRabbah60.txt	0.0027502750275027505	0.0027502750275027505	0.012651265126512651	0.0027502750275027505	0.0027502750275027505	0.0027502750275027505	0.0027502750275027505	0.0027502750275027505	0.0027502750275027505	0.9433443344334432	0.0027502750275027505	0.0027502750275027505	0.0027502750275027505	0.0027502750275027505	0.0027502750275027505	0.0027502750275027505	0.0027502750275027505	0.0027502750275027505
16	file:/Users/samantha/Desktop/Digital_Humanity/Mallet/mallet-2.0.8/All/BereishitRabbah605.txt	0.0027502750275027505	0.0027502750275027505	0.0027502750275027505	0.0027502750275027505	0.0027502750275027505	0.0027502750275027505	0.0027502750275027505	0.0027502750275027505	0.0027502750275027505	0.9433443344334432	0.012651265126512651	0.0027502750275027505	0.0027502750275027505	0.0027502750275027505	0.0027502750275027505	0.0027502750275027505	0.0027502750275027505	0.0027502750275027505
17	file:/Users/samantha/Desktop/Digital_Humanity/Mallet/mallet-2.0.8/All/EinYaakovRoshHashanah1:10.txt	0.001758087201125176	0.001758087201125176	0.001758087201125176	0.001758087201125176	0.001758087201125176	0.001758087201125176	0.001758087201125176	0.001758087201125176	0.001758087201125176	0.001758087201125176	0.001758087201125176	0.001758087201125176	0.8498593530239099	0.1220112517580872	0.001758087201125176	0.001758087201125176	0.001758087201125176	0.001758087201125176
18	file:/Users/samantha/Desktop/Digital_Humanity/Mallet/mallet-2.0.8/All/EinYaakovRoshHashanah1:106.txt	0.001758087201125176	0.001758087201125176	0.001758087201125176	0.001758087201125176	0.008087201125175808	0.001758087201125176	0.001758087201125176	0.001758087201125176	0.001758087201125176	0.001758087201125176	0.001758087201125176	0.001758087201125176	0.830872011251758	0.13466947960618847	0.001758087201125176	0.001758087201125176	0.001758087201125176	0.001758087201125176
19	file:/Users/samantha/Desktop/Digital_Humanity/Mallet/mallet-2.0.8/All/MidrashEinYaakovBavaBatra5:233.txt	0.06498015873015874	0.0024801587301587305	0.03819444444444444	0.0024801587301587305	0.10069444444444445	0.0024801587301587305	0.16319444444444445	0.0024801587301587305	0.020337301587301588	0.0024801587301587305	0.011408730158730158	0.0024801587301587305	0.0024801587301587305	0.03819444444444444	0.0024801587301587305	0.03819444444444444	0.5024801587301587	0.0024801587301587305
20	file:/Users/samantha/Desktop/Digital_Humanity/Mallet/mallet-2.0.8/All/MidrashEinYaakovBerakhot6:21.txt	0.45729684908789386	0.016998341625207296	0.0020729684908789387	0.0020729684908789387	0.0020729684908789387	0.0020729684908789387	0.18864013266998342	0.0020729684908789387	0.0020729684908789387	0.0020729684908789387	0.009535655058043118	0.0020729684908789387	0.07669983416252074	0.016998341625207296	0.18117744610281925	0.016998341625207296	0.016998341625207296	0.0020729684908789387
21	file:/Users/samantha/Desktop/Digital_Humanity/Mallet/mallet-2.0.8/All/MidrashEinYaakovMenachot4:36.txt	0.00925925925925926	0.00925925925925926	0.00925925925925926	0.00925925925925926	0.17592592592592593	0.00925925925925926	0.3092592592592593	0.07592592592592592	0.00925925925925926	0.00925925925925926	0.00925925925925926	0.00925925925925926	0.04259259259259259	0.00925925925925926	0.24259259259259258	0.00925925925925926	0.04259259259259259	0.00925925925925926
22	file:/Users/samantha/Desktop/Digital_Humanity/Mallet/mallet-2.0.8/All/MidrashEinYaakovMoedKatan1:44.txt	0.08071278825995806	0.005241090146750524	0.005241090146750524	0.005241090146750524	0.005241090146750524	0.08071278825995806	0.40146750524109015	0.0429769392033543	0.005241090146750524	0.11844863731656184	0.024109014675052408	0.005241090146750524	0.06184486373165618	0.005241090146750524	0.005241090146750524	0.13731656184486374	0.005241090146750524	0.005241090146750524
23	file:/Users/samantha/Desktop/Digital_Humanity/Mallet/mallet-2.0.8/All/MidrashEinYaakovRoshHashanah4:10.txt	0.18185451638689049	0.0019984012789768186	0.09552358113509193	0.009192645883293365	0.0019984012789768186	0.4336530775379696	0.06674660271782575	0.0019984012789768186	0.12430055955235812	0.0019984012789768186	0.016386890487609912	0.009192645883293365	0.0019984012789768186	0.0019984012789768186	0.0019984012789768186	0.03796962430055955	0.0019984012789768186	0.009192645883293365
24	file:/Users/samantha/Desktop/Digital_Humanity/Mallet/mallet-2.0.8/All/MidrashEinYaakovSanhedrin11:1057.txt	0.0010850694444444445	0.0010850694444444445	0.028428819444444444	0.008897569444444444	0.0010850694444444445	0.05577256944444445	0.21202256944444445	0.008897569444444444	0.4854600694444444	0.012803819444444444	0.008897569444444444	0.03624131944444445	0.04405381944444445	0.0010850694444444445	0.004991319444444444	0.06358506944444445	0.008897569444444444	0.016710069444444444
25	file:/Users/samantha/Desktop/Digital_Humanity/Mallet/mallet-2.0.8/All/MidrashEinYaakovShabat2:105.txt	5.372877713303246E-4	5.372877713303246E-4	5.372877713303246E-4	0.010208467655276166	0.008274231678486997	0.07403825488931873	0.2326456049860305	5.372877713303246E-4	0.5169782935740382	0.021813883516011177	0.0024715237481194928	0.019879647539222008	0.01601117558564367	0.008274231678486997	0.048893187191059534	0.03728777133032452	5.372877713303246E-4	5.372877713303246E-4
26	file:/Users/samantha/Desktop/Digital_Humanity/Mallet/mallet-2.0.8/All/MidrashEinYaakovShabbat16:122.txt	0.6773504273504273	0.012515262515262514	0.0015262515262515263	0.023504273504273504	0.00702075702075702	0.09493284493284494	0.0015262515262515263	0.023504273504273504	0.034493284493284496	0.023504273504273504	0.0015262515262515263	0.0015262515262515263	0.023504273504273504	0.05647130647130648	0.0015262515262515263	0.00702075702075702	0.0015262515262515263	0.00702075702075702
27	file:/Users/samantha/Desktop/Digital_Humanity/Mallet/mallet-2.0.8/All/MidrashTanchumaAchreiMot1:1.txt	5.860290670417253E-4	5.860290670417253E-4	0.006915142991092358	0.0343413033286451	5.860290670417253E-4	5.860290670417253E-4	0.002695733708391936	5.860290670417253E-4	5.860290670417253E-4	5.860290670417253E-4	5.860290670417253E-4	5.860290670417253E-4	5.860290670417253E-4	5.860290670417253E-4	5.860290670417253E-4	0.5069151429910923	5.860290670417253E-4	0.4415142991092358
28	file:/Users/samantha/Desktop/Digital_Humanity/Mallet/mallet-2.0.8/All/MidrashTanchumaAchreiMot1:17.txt	5.860290670417253E-4	5.860290670417253E-4	0.011134552273792779	0.032231598687294895	5.860290670417253E-4	5.860290670417253E-4	0.004805438349742147	5.860290670417253E-4	5.860290670417253E-4	0.002695733708391936	5.860290670417253E-4	5.860290670417253E-4	0.004805438349742147	5.860290670417253E-4	5.860290670417253E-4	0.5026957337083919	5.860290670417253E-4	0.4351851851851852
29	file:/Users/samantha/Desktop/Digital_Humanity/Mallet/mallet-2.0.8/All/MidrashTanchumaBeshalach11:29.txt	0.17087542087542087	0.004208754208754209	0.03451178451178451	0.12542087542087543	0.04966329966329966	0.2769360269360269	0.01936026936026936	0.004208754208754209	0.01936026936026936	0.03451178451178451	0.03451178451178451	0.004208754208754209	0.12542087542087543	0.004208754208754209	0.004208754208754209	0.004208754208754209	0.07996632996632996	0.004208754208754209
30	file:/Users/samantha/Desktop/Digital_Humanity/Mallet/mallet-2.0.8/All/MidrashTanchumaBuberVayera46:93.txt	0.006313131313131313	0.14267676767676768	0.006313131313131313	0.05176767676767677	0.006313131313131313	0.07449494949494949	0.006313131313131313	0.006313131313131313	0.006313131313131313	0.006313131313131313	0.029040404040404037	0.006313131313131313	0.029040404040404037	0.14267676767676768	0.3244949494949495	0.006313131313131313	0.029040404040404037	0.11994949494949494
31	file:/Users/samantha/Desktop/Digital_Humanity/Mallet/mallet-2.0.8/All/MidrashTanchumaKiTisa14:310.txt	0.16111111111111112	0.003968253968253968	0.003968253968253968	0.08968253968253968	0.01825396825396825	0.08968253968253968	0.003968253968253968	0.01825396825396825	0.003968253968253968	0.003968253968253968	0.032539682539682535	0.10396825396825397	0.10396825396825397	0.003968253968253968	0.01825396825396825	0.003968253968253968	0.2611111111111111	0.07539682539682539
32	file:/Users/samantha/Desktop/Digital_Humanity/Mallet/mallet-2.0.8/All/MidrashTanchumaMasei10:18.txt	0.02372685185185185	0.013310185185185184	0.002893518518518519	0.002893518518518519	0.5653935185185185	0.15914351851851852	0.013310185185185184	0.02372685185185185	0.04456018518518518	0.002893518518518519	0.02372685185185185	0.002893518518518519	0.002893518518518519	0.002893518518518519	0.002893518518518519	0.002893518518518519	0.002893518518518519	0.10706018518518519
33	file:/Users/samantha/Desktop/Digital_Humanity/Mallet/mallet-2.0.8/All/MidrashTanchumaShmini,Siman2:12.txt	0.036918328584995254	0.0027302943969610633	0.024097815764482434	0.06683285849952517	0.43862773029439694	0.10743114909781577	5.935422602089269E-4	0.0027302943969610633	0.013414055080721746	0.051875593542260214	5.935422602089269E-4	5.935422602089269E-4	5.935422602089269E-4	5.935422602089269E-4	0.03264482431149098	0.017687559354226022	5.935422602089269E-4	0.20144824311490978
34	file:/Users/samantha/Desktop/Digital_Humanity/Mallet/mallet-2.0.8/All/MidrashTanchumaVayera19:10.txt	0.002893518518518519	0.013310185185185184	0.04456018518518518	0.09664351851851853	0.34664351851851855	0.002893518518518519	0.013310185185185184	0.03414351851851852	0.002893518518518519	0.002893518518518519	0.002893518518518519	0.002893518518518519	0.22164351851851852	0.15914351851851852	0.03414351851851852	0.002893518518518519	0.002893518518518519	0.013310185185185184
35	file:/Users/samantha/Desktop/Digital_Humanity/Mallet/mallet-2.0.8/All/MidrashTanchumaVayera23:97.txt	0.00617283950617284	0.0728395061728395	0.00617283950617284	0.40617283950617283	0.02839506172839506	0.18395061728395062	0.09506172839506173	0.00617283950617284	0.00617283950617284	0.00617283950617284	0.02839506172839506	0.00617283950617284	0.05061728395061728	0.05061728395061728	0.02839506172839506	0.00617283950617284	0.00617283950617284	0.00617283950617284
36	file:/Users/samantha/Desktop/Digital_Humanity/Mallet/mallet-2.0.8/All/PirkeiDeRabbiEliezer29:5.txt	0.0032299741602067186	0.014857881136950904	0.0032299741602067186	0.8869509043927648	0.0032299741602067186	0.0032299741602067186	0.014857881136950904	0.0032299741602067186	0.0032299741602067186	0.0032299741602067186	0.0032299741602067186	0.0032299741602067186	0.0032299741602067186	0.03811369509043928	0.0032299741602067186	0.0032299741602067186	0.0032299741602067186	0.0032299741602067186
37	file:/Users/samantha/Desktop/Digital_Humanity/Mallet/mallet-2.0.8/All/PirkeiDeRabbiEliezer29:59.txt	0.0032299741602067186	0.014857881136950904	0.014857881136950904	0.8869509043927648	0.0032299741602067186	0.014857881136950904	0.0032299741602067186	0.0032299741602067186	0.0032299741602067186	0.0032299741602067186	0.0032299741602067186	0.026485788113695088	0.0032299741602067186	0.0032299741602067186	0.0032299741602067186	0.0032299741602067186	0.0032299741602067186	0.0032299741602067186
38	file:/Users/samantha/Desktop/Digital_Humanity/Mallet/mallet-2.0.8/All/PirkeiDeRabbiEliezer30:3.txt	0.005555555555555556	0.20555555555555557	0.005555555555555556	0.08555555555555555	0.005555555555555556	0.025555555555555554	0.005555555555555556	0.005555555555555556	0.005555555555555556	0.005555555555555556	0.005555555555555556	0.005555555555555556	0.005555555555555556	0.6055555555555556	0.005555555555555556	0.005555555555555556	0.005555555555555556	0.005555555555555556
39	file:/Users/samantha/Desktop/Digital_Humanity/Mallet/mallet-2.0.8/All/PirkeiDeRabbiEliezer30:311.txt	0.005555555555555556	0.18555555555555558	0.005555555555555556	0.06555555555555555	0.005555555555555556	0.025555555555555554	0.025555555555555554	0.005555555555555556	0.005555555555555556	0.025555555555555554	0.005555555555555556	0.005555555555555556	0.005555555555555556	0.6055555555555556	0.005555555555555556	0.005555555555555556	0.005555555555555556	0.005555555555555556
40	file:/Users/samantha/Desktop/Digital_Humanity/Mallet/mallet-2.0.8/All/PirkeiDeRabbiEliezer32:3.txt	0.03968253968253969	0.18253968253968253	0.18253968253968253	0.03968253968253969	0.03968253968253969	0.03968253968253969	0.03968253968253969	0.03968253968253969	0.03968253968253969	0.03968253968253969	0.03968253968253969	0.03968253968253969	0.03968253968253969	0.03968253968253969	0.03968253968253969	0.03968253968253969	0.03968253968253969	0.03968253968253969
41	file:/Users/samantha/Desktop/Digital_Humanity/Mallet/mallet-2.0.8/All/PirkeiDeRabbiEliezer32:310.txt	0.0037537537537537537	0.017267267267267267	0.017267267267267267	0.19294294294294295	0.0037537537537537537	0.0037537537537537537	0.0037537537537537537	0.0037537537537537537	0.0037537537537537537	0.03078078078078078	0.0037537537537537537	0.0037537537537537537	0.0037537537537537537	0.692942942942943	0.0037537537537537537	0.0037537537537537537	0.0037537537537537537	0.0037537537537537537
42	file:/Users/samantha/Desktop/Digital_Humanity/Mallet/mallet-2.0.8/All/PirkeiDeRabbiEliezer32:312.txt	0.0037537537537537537	0.0037537537537537537	0.044294294294294295	0.20645645645645647	0.0037537537537537537	0.0037537537537537537	0.0037537537537537537	0.0037537537537537537	0.0037537537537537537	0.017267267267267267	0.0037537537537537537	0.0037537537537537537	0.0037537537537537537	0.6659159159159159	0.017267267267267267	0.0037537537537537537	0.0037537537537537537	0.0037537537537537537
43	file:/Users/samantha/Desktop/Digital_Humanity/Mallet/mallet-2.0.8/All/PirkeiDeRabbiEliezer5:1.txt	0.0034293552812071334	0.0034293552812071334	0.0034293552812071334	0.05281207133058985	0.0034293552812071334	0.02812071330589849	0.0034293552812071334	0.0034293552812071334	0.0034293552812071334	0.0034293552812071334	0.0034293552812071334	0.0034293552812071334	0.01577503429355281	0.0034293552812071334	0.02812071330589849	0.0034293552812071334	0.8305898491083675	0.0034293552812071334
44	file:/Users/samantha/Desktop/Digital_Humanity/Mallet/mallet-2.0.8/All/PirkeiDeRabbiEliezer5:18.txt	0.0034293552812071334	0.0034293552812071334	0.0034293552812071334	0.06515775034293553	0.0034293552812071334	0.0034293552812071334	0.0034293552812071334	0.0034293552812071334	0.0034293552812071334	0.0034293552812071334	0.0034293552812071334	0.0034293552812071334	0.02812071330589849	0.0034293552812071334	0.04046639231824417	0.0034293552812071334	0.8182441700960219	0.0034293552812071334
45	file:/Users/samantha/Desktop/Digital_Humanity/Mallet/mallet-2.0.8/All/SeferHaYashar(midrash)BookofGenesis,Vayera188.txt	0.0012236906510034264	0.00562897699461576	0.0012236906510034264	0.0012236906510034264	0.00562897699461576	0.16421928536465982	0.0012236906510034264	0.00562897699461576	0.010034263338228095	0.018844836025452765	0.00562897699461576	0.0012236906510034264	0.06730298580518845	0.5034263338228095	0.1377875673029858	0.0012236906510034264	0.06730298580518845	0.0012236906510034264
46	file:/Users/samantha/Desktop/Digital_Humanity/Mallet/mallet-2.0.8/All/SeferHaYashar(midrash)BookofGenesis,Vayera219.txt	0.0012236906510034264	0.01443954968184043	0.0012236906510034264	0.0012236906510034264	0.03206069505628977	0.3272148800783162	0.00562897699461576	0.0012236906510034264	0.00562897699461576	0.0012236906510034264	0.0012236906510034264	0.00562897699461576	0.0012236906510034264	0.3800783162016642	0.17302985805188448	0.0012236906510034264	0.01443954968184043	0.03206069505628977
